Training_epoch_loss, Validation_epoch_loss, Training_epoch_accuracy, Validation_epoch_accuracy
0.16585621050480137, 0.3946509869027448, 0.9554617009022844, 0.9385560675883257
0.07396456856704423, 0.07176981987907322, 0.9776348627375696, 0.9804147465437788
0.0698512106895699, 0.0640784542891018, 0.9796506047225955, 0.9861751152073732
0.06731416622369492, 0.06594199223770714, 0.9799385678633135, 0.9792626728110599
0.06354485243169242, 0.33875600345918805, 0.9820982914186984, 0.9366359447004609
0.06602767656001156, 0.07493664615907558, 0.9811384142829718, 0.9792626728110599
0.06168010569369785, 0.06268462994741776, 0.9818103282779804, 0.9854070660522274
0.06134433881676066, 0.07538950543007678, 0.9823382607026301, 0.9735023041474654
0.06219810067529524, 0.06205635568288963, 0.9812823958533308, 0.9800307219662059
0.06074269877071575, 0.06305852979557523, 0.9823382607026301, 0.9861751152073732
0.05774135738232296, 0.06267444240987964, 0.9830101746976386, 0.9857910906298003
0.057395003202629566, 0.059144368311161384, 0.98377807640622, 0.9804147465437788
0.05672435072245008, 0.06789691767515114, 0.9829621808408523, 0.9834869431643625
0.054925305216086934, 0.12033899607820384, 0.9839700518333653, 0.9592933947772657
0.05217163353277029, 0.06156107180255799, 0.9848339412555193, 0.9823348694316436
0.048570888581549884, 0.0849289460621673, 0.9844979842580149, 0.9800307219662059
0.04669993784870754, 0.06411115696842205, 0.9856498368208869, 0.9850230414746544
0.042870870872837245, 0.06362231501278133, 0.9867057016701862, 0.9815668202764977
0.04311385181191245, 0.06244255936151871, 0.9864657323862546, 0.9815668202764977
0.03765807432560103, 0.06614144386665251, 0.9882894989441351, 0.9838709677419355
0.03741157701386439, 0.08526400795310499, 0.9887694375119984, 0.9769585253456221
0.03556882079638239, 0.0865976379580007, 0.9892973699366481, 0.9731182795698925
0.031017604812939, 0.10470742010048747, 0.9904972163563064, 0.9758064516129032
0.03101486920023298, 0.11673535635403265, 0.9902092532155884, 0.9742703533026114
0.02849864541738384, 0.10237581385504109, 0.9904012286427337, 0.9765745007680492
