Training_epoch_loss, Validation_epoch_loss, Training_epoch_accuracy, Validation_epoch_accuracy
0.872991945094795, 0.0944711064713652, 0.8305325443786982, 0.9735099337748344
0.07907669356412436, 0.07850885981550244, 0.9758579881656805, 0.978240302743614
0.07309650722141625, 0.08363778633836484, 0.9801183431952663, 0.9754020813623463
0.07229289581409529, 0.06997693702464255, 0.9801183431952663, 0.9839167455061495
0.06830289394473378, 0.0750839462725828, 0.9810650887573964, 0.9839167455061495
0.06781875362502253, 0.08044214169195234, 0.9846153846153846, 0.9810785241248817
0.06889855655815354, 0.06990544820273101, 0.9834319526627219, 0.9839167455061495
0.06460122989711059, 0.07118009589843773, 0.984378698224852, 0.9829706717123936
0.06495037830759876, 0.08219976762182792, 0.983905325443787, 0.9772942289498581
0.06591580111631522, 0.09099509382938531, 0.9853254437869823, 0.978240302743614
Training_epoch_loss, Validation_epoch_loss, Training_epoch_accuracy, Validation_epoch_accuracy
0.8903439166368222, 0.36970062513698276, 0.8990203466465713, 0.9503012048192772
0.06802101960002453, 0.08074831398181527, 0.9837980406932931, 0.9743975903614458
0.06148229343133235, 0.07014540271940137, 0.9811605124340618, 0.9789156626506025
0.04995984758560222, 0.023528517759685594, 0.9868123587038433, 0.9924698795180723
0.04573916998481112, 0.028031773314704692, 0.9902034664657121, 0.9894578313253013
0.04434361130202866, 0.032808321211583266, 0.9879427279577996, 0.9924698795180723
0.03928228431657261, 0.015686783120090475, 0.9920874152223059, 0.9939759036144579
0.0406428154021935, 0.025126977091520487, 0.9898266767143934, 0.996987951807229
0.04030671138603264, 0.01812779512929629, 0.9898266767143934, 0.9954819277108434
0.03383421300592925, 0.032818245885231676, 0.9917106254709872, 0.996987951807229