Training_epoch_loss, Validation_epoch_loss, Training_epoch_accuracy, Validation_epoch_accuracy
0.17033889179639297, 0.042325068110065124, 0.9645075986873547, 0.9810118516630559
0.0432750402835362, 0.04707388335209592, 0.9793226495045719, 0.9765515483624315
0.04192044462545492, 0.046842955934462235, 0.97935450982891, 0.9757869249394673
0.041720029533799385, 0.04031279971687794, 0.97935450982891, 0.980119791002931
0.041427491630591784, 0.04253795478744232, 0.9794500908019244, 0.9785905441570026
0.04136475734954502, 0.03997086707962427, 0.9800872972886864, 0.9807569771887346
0.04092007957643827, 0.04029502679187779, 0.9803103195590531, 0.9807569771887346
0.04112314155476922, 0.04050776650246665, 0.979641252747953, 0.9797374792914489
0.04084554278639993, 0.04058631892565484, 0.9798005543696435, 0.9806295399515739
0.04092085601865738, 0.042408955207548185, 0.9804059005320674, 0.980119791002931
Training_epoch_loss, Validation_epoch_loss, Training_epoch_accuracy, Validation_epoch_accuracy
Training_epoch_loss, Validation_epoch_loss, Training_epoch_accuracy, Validation_epoch_accuracy